79
9
18
28
32
63
64
70
71
72
75
95
102
116
123
126
129
133
146
160
161
163
180
215
227
265
271
284
291
295
345
371
385
401
403
460
463
470
484
486
498
517
550
556
643
657
670
700
745
774
781
834
888
901
902
922
925
934
938
971
1017
1046
1053
1069
1103
1181
1196
1197
1210
1245
1273
1285
1316
1361
1460
1504
1530
1533
1536
1594
126
0
1
2
4
6
7
8
9
10
12
13
15
16
17
18
19
20
21
22
23
25
27
29
31
33
34
36
37
38
39
41
42
46
47
48
50
51
52
53
54
55
56
59
64
65
66
67
69
73
76
78
79
82
83
84
85
86
87
88
91
93
94
95
96
98
99
100
101
102
103
105
109
113
114
115
116
125
126
127
137
138
140
143
144
146
148
153
155
156
158
160
162
174
176
178
182
187
190
191
193
198
208
212
218
228
234
241
245
250
254
257
259
266
275
282
283
297
315
317
324
339
341
342
356
364
371
